142
165
190
196
257
326
367
401
405
406
429
430
463
466
467
468
473
474
571
579
602
604
639
646
657
668
677
678
687
688
745
860
861
864
988
1044
1045
1046
1050
1051
1052
1053
1054
1112
1316
1385
1386
1388
1389
1390
1406
1482
1499
1523
1602
1628
1649
1745
1746
1747
1748
1749
1750
1761
1810
1820
1831
1869
1870
1871
1874
1875
1876
1877
1879
1958
1959
1960
1961
1997
1998
1999
2000
2001
2002
2004
2005
2016
2018
2019
2020
2023
2034
2063
2077
2078
2099
2100
2101
2103
2104
2113
2114
2115
2116
2117
2118
2119
2120
2122
2128
2290
2294
2295
2296
2297
2298
2299
2300
2301
2302
2303
2304
2305
2306
2307
2308
2309
2310
2313
2353
2354
2355
2494
2516
2551
2623
2624
2625
2626
2627
2636
2637
2649
2672
2735
2736
2737
2738
2908
2928
2969
3087
3090
3091
3096
3104
3110
3131
3142
3164
3166
3167
3169
3170
3171
3172
3174
3175
3182
3195
3196
3198
3199
3200
3201
3202
3203
3204
3205
3206
3207
3209
3211
3212
3213
3214
3215
3216
3217
3218
3219
3221
3222
3223
3224
3225
3226
3227
3228
3229
3231
3232
3233
3234
3235
3236
3237
3238
3239
3280
3297
3298
3299
3344
3394
3428
3431
3516
3607
3642
3651
3659
3660
3661
3662
3663
3664
3665
3670
3720
3725
3726
3727
3975
4009
4010
4066
4084
4086
4087
4088
4089
4090
4091
4092
4093
4094
4097
4149
4150
4193
4194
4204
4205
4207
4208
4209
4211
4212
4213
4222
4223
4286
4297
4298
4300
4303
4306
4335
4487
4488
4520
4601
4602
4603
4605
4609
4610
4613
4617
4618
4654
4656
4661
4692
4760
4761
4762
4772
4773
4774
4775
4776
4778
4779
4780
4781
4782
4783
4784
4790
4791
4799
4800
4801
4802
4807
4808
4821
4824
4825
4851
4861
4862
4899
4901
4904
4929
4990
5013
5015
5017
5036
5075
5076
5077
5078
5079
5080
5081
5083
5087
5089
5090
5093
5178
5241
5245
5307
5308
5309
5316
5324
5325
5326
5359
5396
5449
5451
5452
5453
5454
5455
5456
5457
5458
5459
5460
5462
5463
5465
5467
5468
5612
5626
5629
5813
5814
5914
5915
5916
5966
5970
5971
5978
5989
5990
5991
5992
5993
5994
6018
6095
6096
6097
6239
6256
6257
6258
6297
6299
6304
6473
6474
6492
6493
6495
6496
6497
6498
6591
6596
6602
6603
6604
6615
6621
6656
6657
6658
6659
6660
6662
6663
6664
6665
6666
6667
6668
6670
6671
6672
6688
6689
6720
6721
6722
6736
6756
6772
6773
6774
6775
6776
6777
6778
6862
6886
6887
6899
6909
6910
6911
6913
6925
6926
6927
6928
6929
6932
6934
6935
6936
6938
6939
6940
6941
6942
6943
6945
7003
7004
7005
7008
7019
7020
7021
7022
7023
7024
7025
7026
7027
7029
7030
7050
7067
7068
7071
7080
7091
7101
7157
7161
7181
7182
7227
7291
7294
7342
7343
7376
7391
7392
7421
7468
7490
7494
7528
7539
7541
7543
7544
7545
7546
7547
7549
7551
7552
7553
7554
7555
7556
7559
7561
7562
7564
7565
7566
7567
7568
7569
7570
7571
7572
7574
7576
7579
7580
7581
7582
7584
7586
7587
7589
7592
7593
7594
7596
7597
7608
7617
7618
7620
7621
7625
7626
7627
7629
7633
7634
7637
7638
7639
7643
7644
7652
7673
7675
7678
7690
7691
7692
7693
7694
7695
7697
7699
7700
7701
7702
7704
7705
7707
7709
7710
7711
7712
7716
7718
7727
7728
7730
7733
7738
7741
7743
7745
7746
7748
7753
7755
7756
7757
7760
7761
7762
7764
7766
7767
7768
7769
7770
7771
7772
7773
7775
7776
7789
7799
7832
7849
7942
7975
7988
8013
8022
8061
8091
8092
8187
8202
8320
8328
8403
8427
8456
8462
8463
8521
8531
8538
8545
8553
8609
8626
8648
8820
8848
8856
8928
8929
8939
9095
9096
9189
9205
9208
9221
9242
9247
9278
9310
9314
9337
9355
9421
9422
9464
9480
9496
9516
9519
9534
9569
9572
9575
9580
9586
9592
9603
9658
9668
9705
9726
9745
9753
9819
9831
9839
9841
9849
9880
9889
9915
9923
9925
9935
9970
9971
9975
9988
10002
10009
10062
10127
10153
10168
10172
10194
10215
10224
10265
10308
10320
10365
10379
10472
10481
10488
10499
10520
10522
10538
10608
10620
10655
10660
10661
10664
10691
10716
10725
10732
10736
10773
10780
10781
10782
10793
10794
10795
10838
11016
11023
11063
11107
11108
11166
11244
11278
11279
11281
11317
22797
22806
22807
22809
22834
22835
22850
22869
22877
22882
22887
22890
22926
22980
23036
23040
23051
23090
23099
23119
23125
23152
23186
23211
23261
23269
23300
23314
23316
23361
23394
23435
23440
23462
23493
23528
23598
23619
23660
23764
25799
25803
25806
25833
25850
25888
25909
25925
25942
25988
26009
26048
26137
26149
26152
26205
26257
26298
26468
26508
26581
26582
26584
26959
26974
27022
27023
27033
27086
27107
27153
27164
27287
27300
27319
28999
29841
29842
29942
30009
30012
30062
30812
30813
30818
30832
49854
50674
50804
50805
50943
50945
51043
51058
51078
51085
51157
51176
51193
51222
51230
51270
51274
51276
51333
51341
51351
51385
51427
51450
51513
51545
51621
51710
51804
53335
54039
54345
54581
54626
54729
54738
54753
54807
54811
54816
54862
54925
54927
54937
54989
54993
55079
55145
55279
55311
55422
55502
55509
55552
55553
55565
55609
55657
55659
55663
55713
55758
55762
55769
55786
55809
55810
55818
55840
55870
55888
55892
55893
55897
55900
55922
56033
56242
56676
56731
56751
56906
56917
56938
56956
56987
57057
57116
57167
57169
57209
57215
57232
57335
57336
57343
57474
57491
57541
57547
57567
57573
57593
57594
57615
57616
57621
57623
57659
57677
57684
57693
57708
57711
57786
57801
57822
58158
58160
58486
58487
58491
58492
58495
58500
58524
58525
59335
59348
60436
60468
60529
63876
63925
63934
63946
63947
63948
63950
63951
63973
63974
63976
63977
64067
64211
64288
64321
64344
64375
64376
64412
64641
64651
64710
64763
64764
64843
64864
64919
65243
65251
65982
79027
79088
79149
79175
79177
79190
79191
79192
79230
79364
79365
79413
79618
79673
79692
79724
79725
79733
79744
79755
79759
79776
79788
79797
79800
79818
79842
79862
79891
79894
79898
79923
79943
79973
79977
80032
80034
80095
80108
80110
80264
80317
80320
80345
80709
80712
80714
80764
80778
80818
81566
81628
81856
81931
83439
83463
83482
83591
83595
83741
83744
83855
83881
84107
84108
84124
84146
84159
84163
84215
84295
84307
84324
84327
84330
84436
84449
84458
84503
84504
84524
84525
84527
84528
84547
84614
84619
84622
84654
84662
84667
84671
84684
84699
84765
84775
84838
84839
84844
84874
84878
84891
84905
84911
84913
84914
84924
84944
84969
85416
85446
85460
85474
85508
86614
89884
89887
90075
90233
90316
90317
90326
90333
90338
90485
90576
90589
90592
90594
90649
90655
90827
90874
90987
90993
91120
91392
91464
91661
91664
91748
91975
92283
92285
92595
92999
93134
93349
93474
93649
93986
94039
94234
112770
112939
113835
114026
115196
115509
115560
115950
116071
116113
116115
116412
116448
117154
117581
117608
118472
120237
121274
121340
121536
121549
121599
121643
122953
124535
124961
125893
125919
126017
126068
126069
126070
126208
126231
126295
126375
127343
127396
127665
128209
128408
128553
129025
130497
132625
134187
135935
136051
136259
137209
137814
138151
138715
139324
139628
139735
140467
140612
140628
140685
140690
140883
144348
144455
145258
145873
146050
146198
146434
146540
146542
147657
147658
147660
147686
147687
147694
147741
147807
147808
147837
147912
147923
147929
147947
147948
147949
148103
148156
148198
148206
148213
148254
148266
148268
148327
148979
149076
150921
152518
152687
152815
153222
153572
155054
155061
157848
158399
158431
158800
159119
159296
161882
162239
162655
162962
162963
162966
162967
162968
162972
162979
162993
163049
163050
163051
163059
163071
163081
163087
163131
163223
163227
163255
166793
166968
167465
167826
168374
168417
168451
168544
168620
169270
169792
169834
169841
170302
170825
170958
170959
170960
171017
171392
195828
196446
197320
197407
199692
199704
199745
199777
200014
200350
201501
201514
201516
203523
205717
219409
219749
220202
220929
220992
221527
221785
221833
221937
222546
222696
222894
252884
253461
253639
253738
254251
254268
255403
255877
256051
256297
257101
266743
282890
283078
283150
283248
283337
283571
284306
284307
284309
284312
284323
284346
284349
284355
284370
284371
284390
284391
284406
284443
284459
285267
285268
285346
285349
285676
285971
285989
286075
286128
286380
333929
338917
339318
339324
339327
339344
339488
339500
339559
340252
340260
340385
340784
342132
342357
342892
342900
342908
342909
342926
342933
342945
343472
343930
344018
344022
344167
344191
344787
345462
346157
346171
346389
347344
347853
348327
349075
349334
353088
353274
353355
360023
360030
374655
374879
374899
374900
374928
376940
387032
388112
388523
388536
388558
388559
388561
388566
388567
388569
388585
389058
389114
389524
389549
389692
390010
390259
390598
390874
390927
390937
390963
390980
390992
391723
399823
400713
400720
401509
402381
403341
404281
404635
431707
440077
440097
440515
440519
440695
441234
442319
442425
503582
503834
503835
619279
641339
642280
642658
642819
643836
644168
644524
645832
646698
646864
646915
647219
647589
649137
652991
653404
653427
654254
664701
727857
727940
728116
728361
728656
728927
728957
729288
729747
729944
730051
730087
730291
731220
790969
100033411
100101467
100125288
100128927
100129543
100129654
100129842
100130086
100131017
100131390
100131539
100131827
100131980
100132074
100132396
100271849
100287226
100288524
100288687
100289635
100289678
100293516
100381270
100505852
100506164
100507290
100529215
100533646
101060200
101927685
101928917
105371346
105372267
105378952
109504726
110116772
110354863
